G
[7, 38],
[6, 38],
[5, 37],
[4, 36],
[4, 35],
[4, 34],
[4, 33],
[5, 32],
[6, 31],
[7, 31],
[8, 31],
[9, 31],
[10, 31],
[11, 31],
[12, 31],
[13, 31],
[14, 32],
[15, 33],
[15, 34],
[15, 35],
[15, 36],
[14, 37],
[13, 38],
[12, 38],
[11, 38],
[10, 38],
[10, 37],
[10, 36]

A
[15, 40],
[14, 40],
[13, 41],
[12, 41],
[11, 42],
[10, 42],
[9, 43],
[8, 43],
[7, 44],
[6, 44],
[5, 45],
[4, 45],
[6, 46],
[7, 46],
[8, 47],
[9, 47],
[10, 48],
[11, 48],
[12, 49],
[13, 49],
[14, 50],
[15, 50],
[10, 43],
[10, 44],
[10, 45],
[10, 46],
[10, 47]

M
[15, 52],
[14, 52],
[13, 52],
[12, 52],
[11, 52],
[10, 52],
[9, 52],
[8, 52],
[7, 52],
[6, 52],
[5, 52],
[4, 52],
[4, 53],
[5, 54],
[6, 54],
[7, 55],
[8, 55],
[9, 56],
[8, 57],
[7, 57],
[6, 58],
[5, 58],
[4, 59],
[4, 60],
[5, 60],
[6, 60],
[7, 60],
[8, 60],
[9, 60],
[10, 60],
[11, 60],
[12, 60],
[13, 60],
[14, 60],
[15, 60]

E
[4, 67],
[4, 66],
[4, 65],
[4, 64],
[4, 63],
[4, 62],
[5, 62],
[6, 62],
[7, 62],
[8, 62],
[9, 62],
[10, 62],
[11, 62],
[12, 62],
[13, 62],
[14, 62],
[15, 62],
[15, 63],
[15, 64],
[15, 65],
[15, 66],
[15, 67],
[9, 63],
[9, 64],
[9, 65],
[9, 66]

O
[19, 38],
[18, 37],
[17, 36],
[17, 35],
[17, 34],
[17, 33],
[18, 32],
[19, 31],
[20, 31],
[21, 31],
[22, 31],
[23, 31],
[24, 31],
[25, 31],
[26, 31],
[27, 32],
[28, 33],
[28, 34],
[28, 35],
[28, 36],
[27, 37],
[26, 38],
[25, 38],
[24, 38],
[23, 38],
[22, 38],
[21, 38],
[20, 38]

V
[17, 40],
[18, 40],
[19, 41],
[20, 41],
[21, 42],
[22, 42],
[23, 43],
[24, 43],
[25, 44],
[26, 44],
[27, 45],
[28, 45],
[26, 46],
[25, 46],
[24, 47],
[23, 47],
[22, 48],
[21, 48],
[20, 49],
[19, 49],
[18, 50],
[17, 50]

E
[17, 57],
[17, 56],
[17, 55],
[17, 54],
[17, 53],
[17, 52],
[18, 52],
[19, 52],
[20, 52],
[21, 52],
[22, 52],
[23, 52],
[24, 52],
[25, 52],
[26, 52],
[27, 52],
[28, 52],
[28, 53],
[28, 54],
[28, 55],
[28, 56],
[28, 57],
[22, 53],
[22, 54],
[22, 55],
[22, 56]

R
[28, 59],
[27, 59],
[26, 59],
[25, 59],
[24, 59],
[23, 59],
[22, 59],
[21, 59],
[20, 59],
[19, 59],
[18, 59],
[17, 59],
[17, 60],
[17, 61],
[17, 62],
[18, 63],
[19, 64],
[20, 64],
[21, 64],
[22, 63],
[22, 62],
[22, 61],
[22, 60],
[23, 60],
[24, 61],
[25, 62],
[26, 63],
[27, 64],
[28, 65]
